13883
13981
14685
14710
15264
15199
15637
15519
16836
17158
16991
17302
17417
17732
17850
18489
18594
18517
18855
19802
19983
20325
20550
20734
20825
21818
21861
21830
22167
22168
22484
22721
23165
23856
23697
24068
24209
24582
24960
25012
25648
26683
26716
26905
27626
28158
28328
29315
29331
29677
29839
30746
32194
32551
32870
33188
34817
35313
35338
35652
35670
35877
36222
37191
37770
37850
38385
38884
39298
39706
39812
39909
41390
41522
41782
41575
42092
42797
43129
43137
44458
44626
44860
45243
46651
48204
48250
48580
48968
49887
50122
50052
50560
50822
50945
51404
52216
52636
52866
52662
52774
52670
52946
53101
53592
53616
54290
54338
54431
54683
54678
54680
54820
54722
56705
56567
57175
57363
57748
58058
58295
58457
58683
59001
59934
60209
60378
60469
60685
60629
60787
60829
61696
63424
63814
63866
64021
64119
64244
64498
64552
64809
65418
65678
66248
66808
68175
68213
68805
69359
70404
70489
70373
70677
71169
71350
71478
72013
72024
72414
72468
72635
72749
72925
73180
74613
74821
74915
74950
74951
74952
75154
75439
75705
76145
76163
76451
76591
76596
76784
76731
76799
77014
77023
77482
78273
78541
78904
78854
80716
81321
81655
81959
82287
82810
82839
83088
83471
83662
83569
84110
84248
84518
84681
85178
86074
86401
86311
86278
86821
87535
87888
88405
88764
89592
89451
90509
90455
90810
91470
91622
91913
91933
92342
92480
92930
93013
93036
93506
94353
94368
94762
95036
95269
95396
95787
96081
96205
96986
96979
97572
98129
98300
98499
98529
98445
99783
99875
100113
100583
101368
101883
102007
102382
102936
103614
104726
105204
105389
105764
105678
105967
107236
107272
107490
107823
108684
109453
109729
110308
110560
110850
110865
110866
111637
111717
111734
112847
113399
113928
114198
114456
115330
115575
115779
116078
116315
117037
117218
117860
117958
118824
119144
120242
120392
120270
120571
121361
122364
123216
123162
123677
124030
124305
124313
124440
124852
125067
125087
125072
125562
125711
126061
126105
128016
128258
128743
128754
128775
129515
129656
129672
130566
130922
131414
131702
131986
132232
132380
132601
132702
132731
132661
132831
133187
133056
133248
134353
134506
134982
134879
134880
135064
135785
136043
136051
136101
136123
136229
136789
136720
136848
137156
137465
137530
137819
138228
138308
138232
138139
138233
138310
138311
138141
138235
138236
138313
138143
138237
138314
138144
138238
138315
138145
138239
138316
138147
138318
138148
138242
138381
138481
138581
138681
138781
138881
138981
139081
139181
139281
139381
139481
139681
139781
139881
139981
140081
140181
140281
140381
140481
140581
140681
140781
140881
140981
141081
141281
141381
141481
141581
141681
141781
141881
142081
141981
142181
142281
142381
142481
142581
142681
142781
142881
142981
143081
143181
143281
143381
143481
143681
143581
143781
143881
143981
144081
144181
144281
144381
144481
144581
144681
144781
144881
144981
145081
145181
145281
145381
145481
145581
145681
145781
145881
145981
146081
146181
146281
146381
146481
146581
146681
146781
146881
146981
147081
147181
147281
147381
147481
147581
147681
147781
147881
147981
148081
148181
148281
148381
148481
148581
148681
148781
148881
148981
149081
149181
149281
149481
149581
149681
149781
149881
149981
150081
150181
150281
150381
150481
150581
150681
150781
150881
150981
151081
151181
151281
151381
151481
151681
151781
151981
152081
152281
152381
152481
152581
152681
152781
152881
152981
153081
153181
153281
153481
153581
153681
153781
153881
153981
154081
154181
154281
154381
154481
154581
154781
154881
154981
155081
155281
155181
155381
155581
155681
155781
155881
155981
156081
156181
156281
156381
156481
156581
156881
156781
157181
157081
157481
157381
157681
157781
157881
157981
158081
158181
158281
158381
158481
158581
158681
158881
158981
159081
159281
159381
159481
159581
159881
159781
159981
160081
160181
160281
160381
160481
160581
160681
160781
160881
161081
161181
161281
161381
161481
161581
161681
161781
161981
138014
138993
139284
140170
141570
141935
143587
143759
143776
143784
144015
144101
145075
146092
147105
147167
147178
149095
149507
150515
150480
150903
151783
152266
154740
154883
157630
157848
158139
158844
159000
159676
160546
161452
162821
163110
163117
163254
163788
164607
166237
166286
167183
167248
167437
169300
169312
169605
170140
170273
170413
170359
170741
171182
171188
171952
171957
172624
173102
173728
173729
176712
176889
176891
177395
177268
177676
177792
177805
178106
178042
178179
178344
178293
178478
178804
178579
178365
178380
178394
179077
179442
179574
179631
179780
180128
180526
180575
180916
181118
181124
181348
181280
181443
181296
181492
181804
181674
181697
182212
182310
183207
183228
183259
183195
183453
183540
183647
183656
183672
183931
184099
184579
184957
185009
185118
185263
185149
185530
185559
185740
186085
186088
186183
186092
186500
185796
186614
186537
187035
187301
187131
187709
187581
187595
187672
187835
187699
187778
188057
187938
188061
188171
188338
188479
188648
188759
188980
189515
189452
189531
189295
189180
189299
189184
189564
189594
189765
189768
189772
190099
190916
190641
190587
190645
190766
190773
191078
190985
191360
191266
191650
191586
191377
191711
191940
192071
191870
192504
192635
192232
192636
192388
192548
192399
192730
192946
193207
193411
193416
193232
193619
193669
193736
193953
194626
194652
194823
194913
194963
195254
195425
195349
195255
195380
196005
196029
195857
195870
195785
196244
196336
196746
196663
196569
197067
197310
197725
197781
198303
198304
198139
198160
198600
198387
198745
198453
198396
198631
198766
199012
199151
199230
199481
199711
200010
199754
199786
200242
199790
200352
200568
201262
201194
201315
201326
201630
201390
201758
201679
201562
201931
202231
202418
202337
202298
202622
202627
202724
202396
202824
202903
202829
202643
203016
202742
203058
203077
203325
203457
203488
203651
203752
203666
203856
204328
204505
204449
204471
204691
204843
205107
205068
205076
205084
204996
205472
205683
205475
205800
205910
205489
206250
206255
206327
206693
206902
206790
207019
207136
206946
207242
207400
206979
207256
207329
207431
207445
207732
207685
207688
208228
207797
207968
207979
208086
208449
208766
208931
208798
208889
209346
209510
209459
209282
209397
209917
209758
209672
210383
210523
210673
210679
210797
211100
211010
211109
210895
211111
211023
211320
211455
212403
212398
212604
212544
212271
212473
212611
212738
213413
213446
213359
213483
213752
213873
214033
214408
214240
214361
214499
214743
214674
214838
214939
215106
215025
214890
215040
215334
215171
215266
215447
215451
215454
215622
216003
215898
216622
216522
216542
216587
216598
216825
216939
216944
217035
217402
217546
217727
217465
218079
218421
218472
218650
218806
218747
219015
219106
218832
218760
218931
219035
218949
219077
219323
219663
219591
219930
219799
220223
220521
220377
220389
220489
220588
220902
221116
221125
220868
220934
221243
221443
221590
221806
221485
221921
221764
221929
222004
221939
222132
221880
222241
222242
222271
222553
222901
222478
222877
223219
222987
223328
222884
223170
223179
223226
222995
223714
223438
223808
223471
223831
224331
224565
224490
225045
225663
225847
225733
225879
225990
226273
226911
227062
227285
227479
227480
227698
228207
228143
228732
228469
228569
228575
230065
230840
232216
232329
232610
232945
233373
234976
235524
235727
236748
236990
237348
237673
237958
238730
238634
238930
240002
240418
240099
241684
242970
243623
243870
244625
245226
245590
247281
247772
247878
248370
249213
249163
249741
251029
252697
254137
254089
254346
254441
255775
